11 61
849873185 879935410 775486747 35668592 198333847 121432762 398129581 583846375 344244241 504107840 781203848 890380427 516536515 113036840 62502055 912430771 893405925 95601411 944079856 887323723 634494299 100331068 537585978 280434510 330057957 261834308 833552252 828315825 429759808 198661015 372670886 132149345 931112777 673985 167817937 129446624 974623100 565947518 713292999 171383693 922571710 347013200 61764120 439108225 460050040 976782528 204055348 205972317 72383939 651556 93296040 559394590 100982625 483398370 692345452 283556934 745232678 378414056 111872759 27508838 577075072 
337059998 159658183 360704201 190250335 327476120 490150826 164873435 745939991 55960177 336257128 668511701 402973377 250537601 960136279 715539769 227320129 16707979 921512086 152220420 17359536 867324478 564131362 970858513 203239200 256476814 106931799 800988230 634890870 71320910 828497068 64482294 408380908 988155251 425186496 598631244 168147724 767853674 616021031 914087715 823813851 952278160 435115768 79303581 55332113 395252047 794843350 282652242 411960027 568871789 287389014 281835915 288712619 851520376 252694428 344468172 107997190 359626227 145456402 595404412 430947137 973953471 
512403059 691844398 814625074 937589555 142991994 982772798 557959581 759013025 896860513 234289784 563807537 184492634 313593365 619139650 579744681 960953068 901791892 844221060 382341209 41697258 126056975 671053828 893217634 231267755 15522000 853731176 590893982 13494755 301651941 874357472 839964578 814055000 566201870 654589652 604160907 709193864 489878803 162120488 320723241 239255668 396410272 884530779 423748302 562519990 503670429 3492984 523473058 257978674 700230396 905814267 299675932 826287372 429384447 45409919 57555127 297422800 899141095 500965462 163433907 200793036 227839286 
3398485 14848036 794041156 510504489 471525295 355751372 383292 633645783 676474613 239638961 882572408 413521744 663387263 445092398 917192174 519396599 821081808 27687200 72143348 579412427 179879484 898430720 8796874 225289403 808502199 158736026 124430499 161984013 322169933 177739887 389823299 178084770 45104276 36380807 688589260 516629571 244648531 688972552 2791707 921123145 781127865 885364115 187161241 297031481 182972865 104353415 816428080 4054673 984556967 888571428 583467100 164436452 639518500 444780326 389725855 300537052 456032705 366672706 315037417 778202638 544412594 
704860717 956287409 589516870 593757876 497393021 106146441 838406408 38881925 108938148 612045905 820009791 994302263 799207146 117041272 29791480 756076914 785985704 33846153 740633881 527073485 469829605 757586685 19108337 914609932 147312541 319645389 223158989 366501599 634682807 1361627 910914193 192059876 810165388 500431063 785817752 160074761 459093857 476740512 198956687 568032005 88786417 18966478 414850621 887993564 136007750 444642101 496586830 774509806 331004607 89737063 301583291 800834212 847323749 320691629 567960496 847152642 492853370 791119485 213654241 127536177 644997465 
124568435 172112405 307679205 477515850 810446510 467753967 936609707 287187022 666710654 357158065 228489792 685677132 624525038 116483356 674201234 69167139 465586538 301227392 252688098 555323601 602810684 53522311 402647350 776018665 621482807 102316344 268872035 265118645 315970586 248924565 910116110 293055373 273553322 217795315 623087575 83999832 685549282 412213635 223703207 204776288 769371700 452192999 890453420 246413090 421192707 417171006 168096581 886779245 718398399 420784680 442102846 173725435 474306991 697266549 949744100 948306150 799582893 71132487 213424795 115553479 172573404 
123540905 261125204 446126727 193852573 884212780 530126559 731918207 148942767 753829766 936694496 918314467 58539117 679664268 17243909 479731824 96835275 185340490 366511069 667750026 606125170 661130268 693991813 80432161 358396817 496252265 881254664 10496062 567384752 94679459 126049542 739958157 70736717 239691098 38601236 117105642 976420230 568727795 849023849 125362997 175073914 638234697 896193816 233613031 317898966 913437725 713344856 267250593 98778216 932372277 787516971 704903386 593502545 481508784 637851900 804415714 977761049 371622916 814911777 397662153 318818727 793477671 
990136662 242071796 33168769 28737898 359177438 862105352 449982046 60717640 987468349 625055960 698952337 736178518 711185343 869367655 649616243 277046551 136618248 600910811 209418829 776651571 158330550 655437726 110676707 796182450 459853441 88437756 20321718 127281570 338616262 339140445 920759241 181269276 581212242 806444362 210007175 940389680 668549714 659989221 853623672 508534416 137561533 405092362 97229286 848746876 274460017 746845529 125793428 263594618 200272693 187728609 40246189 358603243 843166335 3439249 7302045 155536128 91877005 27623763 282817698 283009619 366764208 
56093291 464278896 947976450 862537654 526802423 740882483 383603720 39307996 594506155 892138136 176869529 999598517 989367422 878132757 126574887 588729304 856442537 242685857 789001997 44171146 135448398 121592 739853834 138887647 7423637 747906314 83281005 35047400 30724013 366290624 401811608 86817304 683085872 349788059 801871310 209888295 90670542 185475031 249196291 537693049 930129519 278582172 389807919 772013294 156714930 368899158 213258950 13157467 611585015 2260947 909844966 747033413 2382539 502215152 885921061 9806176 102637818 969202066 44853576 133361831 188009042 
299181536 72695488 871094915 648969595 727083150 80983210 592156489 912558181 182695854 982365891 695204053 461278026 224690162 467217347 470509308 593589320 680476297 336183128 205174335 535253596 98544446 952207748 390152487 600759598 690645161 252475015 703397416 659847227 149844943 689275600 847856270 449026479 614487440 571467537 950512427 194086942 504967099 395185268 106645124 687662953 377551159 654365529 1457332 602241321 121582876 471966640 48346993 654575525 808149768 253521328 42345473 906694214 58245429 285014312 359970164 748890590 537489327 915883933 261254170 539850622 457675885 
961626792 988877101 72163325 533094329 791905880 118766619 38061428 187091149 77928095 578240734 417158660 732293624 432214418 19399982 706392852 904181058 67746975 213484729 564847179 173784656 255830202 324057745 84546437 540844514 536544262 833437027 930850193 452428195 947207549 470700815 910104080 908834341 312094269 834783757 294445022 104000149 953550376 185022803 143607650 31478472 615779889 560766311 616288448 47994307 432682645 322681301 804691717 352945972 536166030 222055248 379246980 644512585 546112994 463793417 37873451 82657256 149746797 968723645 387601803 96954346 291940812 
